0.0350905322262385 -0.067801168156229 0 -0.113366433386635 0 0 0.049786791911271 -0.0696312913265036 -0.244847057859942 -0.204016174184832 -0.500808753807683 0 0 0.101587510401848 -0.0624195222520193 -0.274114156522239 0 0.00412084054360145 0.0529176430233031 0 0
-0.0154352043401342 0.0474775283519643 0 0.0780993632332707 0 0 -0.0335394294657247 0.0113374958229332 0.158324691738953 0.306635253791637 0.285986799358306 0 0 -0.0943371744413607 0.113528590657684 0.151007624144943 0 0.0426799983089977 -0.00189000754503197 0 0
0.113018202340097 -0.044355482513513 0 0.0613065558216711 0 0 -0.0917668429291884 0.143261376702191 0.0343527019546678 -0.0229815488111313 -0.0577139972184012 0 0 -0.0982798311659202 0.284799165349491 0.0239488142399785 0 -0.00953971717364525 -0.160228696999438 0 0
0.0602557795245382 0.059779378366699 0 0.144749503680383 0 0 -0.108536914632125 0.160441420058412 0.129770938119635 0.0476664469566293 -0.0861080362031016 0 0 -0.229446127799245 0.191788875964098 -0.0167820433569927 0 -0.060306319678568 -0.184811260556543 0 0
0.124688221748306 0.0545993480058172 0 0.124473865293694 0 0 0.0494163858783016 -0.0238341439004056 0.0309043083734125 0.0287924531982547 0.181335730018336 0 0 -0.00867799822398928 -0.0907529547432228 0.0751442316783809 0 0.0964044484703217 0.0295077802466538 0 0
0.200423879596455 0.0733655046454244 0 0.147696011619808 0 0 -0.108129097547585 0.112198279768117 0.156974920576045 0.0260788894290881 0.0507724013907769 0 0 -0.267766380322555 0.170395655895994 0.0298862075118267 0 0.0153004025482037 -0.226772888366904 0 0
0.0543287830300153 -0.115950258567291 0 -0.0660894771214634 0 0 0.000337399198789878 0.0191938513795493 -0.0552633241090089 0.0468279351449304 -0.0165207311854147 0 0 -0.0628027985133621 0.181117033526852 -0.0241434919326595 0 -0.0675102407341649 -0.0936964738572139 0 0
0.0541414195030015 -0.116611491776426 0 -0.0659601481293942 0 0 0.000690353498147869 0.0196831537194739 -0.0559596562605643 0.0463780844736113 -0.0177792097662633 0 0 -0.0623602318585233 0.180369394301108 -0.024059845550816 0 -0.0684524008574971 -0.0935238923024498 0 0
0.0940026595563952 0.127848618173035 0 0.124858669196806 0 0 -0.028838984434165 -0.0325967562369235 0.173190241974501 -0.00569360086884427 0.280706334748257 0 0 -0.140994565072059 -0.106010247964941 0.130701425692161 0 0.105408681637125 -0.0321218723960506 0 0
0.0648405156535781 -0.206236371481286 0 -0.0589329301710573 0 0 0.0406871764451715 0.039910312735825 -0.186438406591231 -0.128385770992893 -0.244317382095813 0 0 0.080349253445972 0.0910156062285706 -0.0572065275001703 0 -0.139055874122022 -0.0269370231156687 0 0
-0.0599260277737001 -0.0732561636491009 0 0.0545183254802414 0 0 0.0440809599591446 0.0575958197774972 -0.0846012677333404 -0.262667556817763 -0.237368936948751 0 0 0.152782238993737 -0.0894559946750283 -0.03085575618887 0 -0.000437426198695701 0.111593979231423 0 0
0.0844904890952384 0.0465336394549765 0 0.151016140901252 0 0 -0.0235826722990675 -0.00416518197482443 0.0612779542578771 0.0377789291916635 0.0939799089935246 0 0 -0.073340987236447 -0.0863643617114699 0.104243659174491 0 0.129081867418995 0.0353006213357974 0 0
0.199703022531233 0.073185078509382 0 0.147704555624881 0 0 -0.108322328424871 0.112465423484569 0.157828120645419 0.0271700221377954 0.0551108076520612 0 0 -0.267700615179376 0.170423036083032 0.0328381612111402 0 0.0160151916397084 -0.226148549502508 0 0
-0.105747779656378 0.151018944501973 0 0.147059227248801 0 0 -0.0783676545928954 0.16992605059361 0.178194251866436 0.245499816217544 0.0786956220660305 0 0 -0.0305697597770621 0.0750881799246452 0.0435745889494383 0 -0.134328826101415 -0.0948536476929719 0 0
-0.0765949101432638 0.148131801347967 0 0.148483801351272 0 0 -0.0765483530900851 0.17606449550399 0.162240916736476 0.250880239724405 0.0545821707550865 0 0 -0.0361516784052677 0.0849446247062891 0.0425422616579424 0 -0.0810388339011506 -0.0871218329217125 0 0
-0.071065920143945 0.140519037848646 0 0.149702779609014 0 0 -0.0731235856322203 0.176717494660828 0.168919219769146 0.249149783397529 0.0197074202060421 0 0 -0.0297214298558553 0.0810862722308813 0.027637987729588 0 -0.0602502030275496 -0.0881600798576423 0 0
-0.0953350425807816 0.14496255956821 0 0.148027502347574 0 0 -0.0689085601234933 0.170429436137525 0.186569992541439 0.247691827108453 0.062288906684711 0 0 -0.0171713856975366 0.0709854654672904 0.0319297203660246 0 -0.102987149195353 -0.0809290557121354 0 0
-0.100349040490908 0.142342425889034 0 0.147080859445626 0 0 -0.0674189649500384 0.170932713020506 0.176671516778432 0.250579797780066 0.0813647455356854 0 0 -0.0247875106473372 0.0717902578053615 0.0425478728743228 0 -0.106954477827891 -0.0828399205894259 0 0
-0.0756704997044339 0.137911313595465 0 0.15000678278835 0 0 -0.0794012594336647 0.171667857629681 0.1611251274084 0.238331928923527 0.0223616756505814 0 0 -0.0273891553489924 0.0691782003597657 0.0387005118752446 0 -0.0556596548251247 -0.0792359776487464 0 0
0.0615057027921425 0.048571501068796 0 0.109433785856354 0 0 -0.0293026301541753 0.0719284596453477 0.0527371083051968 -0.0337735425941676 -0.016805684354415 0 0 -0.129192842145691 0.0823010431955953 -0.00384655272638468 0 0.0527055895497247 -0.0919923346101682 0 0
0.130734130018466 -0.031696567181937 0 0.116102126015343 0 0 -0.00291948140276745 0.0868082590982053 -0.020948038177205 0.00175053131552537 -0.115664146202658 0 0 -0.138870269880288 0.148418003577312 -0.0397653946704084 0 -0.0656966904322585 -0.105936625784622 0 0
0.0942727112028712 -0.123624315487237 0 -0.0605128354181745 0 0 0.0260236553219554 -0.0719555111550641 -0.0695843978715797 -0.0305225559941658 -0.0869528976349482 0 0 -0.051769009369697 -0.029828706890561 0.0114576007767255 0 0.171742171767562 0.0812207766724272 0 0
-0.0704659130493791 0.0677677696591908 0 0.0369382354178408 0 0 -0.0395892073353686 0.021254528486871 0.02661511376078 0.0716085130200312 0.0771273219951976 0 0 0.0061120575431804 -0.0281658438805116 0.00043264109801257 0 -0.0795311784055159 -0.0200388176369073 0 0
0.0536805985289899 -0.115976155010576 0 -0.0658781273714053 0 0 0.000106047246733089 0.0194331462029193 -0.0551362555565067 0.0466043192387202 -0.0176120381871449 0 0 -0.0614175733988717 0.180441420057925 -0.0241393618324664 0 -0.0682120636978576 -0.0931485966324147 0 0
0.0887595687158451 -0.104281362547573 0 0.0318013917949723 0 0 0.0284025099371736 -0.013529992800487 0.00272991919035342 -0.0502047146908756 -0.0278995920794375 0 0 0.000743103617511432 0.00554306611258163 0.0746895365577654 0 0.161092927672461 0.0822433240294393 0 0
0.0107762823194504 -0.0279390005840276 0 0.00159413604856111 0 0 0.00185559206909383 -0.0071300290867585 0.00468654520669312 -0.015207389976178 -0.0108355065666742 0 0 -0.00186665374347857 -0.00502391749487087 0.0242492007938513 0 0.039357532916744 0.0242998518262576 0 0
-0.00811220659785687 -0.028401665014079 0 -0.0131591748111395 0 0 0.00691120246615114 -0.0251799802715711 -0.0211667353853844 0.0285314852219268 -0.0250021797375538 0 0 0.0156939384728365 0.0081523006255381 -0.00360120966715435 0 0.00603017960442029 0.0411842969491978 0 0
-0.0471267950452104 0.04844111962749 0 0.0210540202317557 0 0 -0.0163829071834227 0.0231259517993856 0.00371530045775551 0.0420364028068113 0.0104329127280447 0 0 0.0189453187359244 -0.0013322589643827 -0.0237240571432464 0 -0.0752635870404819 -0.0157540251520452 0 0
-0.0104313427295481 -0.0141176222050743 0 -0.00417233555544398 0 0 0.00399307059480894 -0.0202060602139282 -0.00462776365564269 0.0477488228891154 0.0108846765039012 0 0 0.00925612274446753 0.0081099511117687 0.010599534557381 0 0.00680107093417721 0.0388237972386406 0 0
-0.0012771195513313 -0.00251271342362366 0 0.000902724128508684 0 0 -0.0104013841443055 -0.0183944801614498 0.013390287202812 0.0254973835801077 0.0274236804000186 0 0 -0.00775226736856723 -0.00703633313521075 0.0246726623141978 0 0.00732661255717797 0.024206839955041 0 0
0.0131337481317821 -0.0226886697451237 0 -0.0243405753537937 0 0 0.0125460911836399 -0.0238158430623798 -0.0125769643477926 1.24688972835905e-05 -0.0182170416167764 0 0 -0.0157110736005112 -0.0111725318694736 -0.00237519141061001 0 0.0234081756530893 0.00577652773055454 0 0
-0.0115734749366216 0.0320700167447916 0 -0.082830939003078 0 0 -0.0905192017492322 -0.123961015206254 0.183033598744798 -0.157939436246593 0.247072011360758 0 0 -0.255895487059279 -0.00839059778183141 0.0990095004399875 0 0.185386165419563 -0.0488503961649998 0 0
0.0882064159564716 -0.104642064111897 0 0.0311624942956012 0 0 0.0281783653303481 -0.0135964231695959 0.0051347015779486 -0.047596394550006 -0.0243434339376951 0 0 0.00148634052112664 0.00476586685702406 0.0775456511215426 0 0.160240392885625 0.0815024744666223 0 0
