0.0878996104699991 -0.30596846487109 0 -0.133771328478204 0 0 0.0552782451179571 -0.0796936571018762 -0.286298811514983 -0.375726020859289 -0.233076830203452 0 0 -0.0180723001293912 0.00728711242766358 -0.272323850813321 0 0.0497547051165861 0.0889124737739666 0 0
-0.0207287585091509 0.0554009739421334 0 0.0103910659404632 0 0 -0.0037189827616729 0.0302650463629205 0.0428760385341609 0.0888775321032216 0.009970909159644 0 0 0.0203454521548097 0.0243527004658687 0.0300179311283283 0 -0.00824813292718281 -0.0171100269031766 0 0
0.122935059300715 -0.0314997247133916 0 0.0785949307465477 0 0 -0.0679606248531821 0.0408814969349727 -0.0906793217756731 -0.0450255655131341 -0.13823610313715 0 0 0.0199521250478867 0.256620487909319 0.0266517124178237 0 -0.0251540618636275 -0.167106980261894 0 0
0.0575586973331443 0.118284849903556 0 0.120374635923014 0 0 -0.148766489951878 -0.0145648002696175 0.107046202207549 0.00174846849735609 -0.0012218669944444 0 0 -0.159877766929446 0.172585135602827 0.125250493977145 0 -0.00442702581282397 -0.256430067288758 0 0
0.107696997755986 0.218559116918782 0 0.147456928194251 0 0 0.00849388494223312 -0.0220216841497088 0.129999069046636 0.0465539605477522 0.0582628468500711 0 0 -0.0407179171967136 0.0801067199475679 0.13877300248522 0 0.0182791315605085 -0.041826473368224 0 0
0.119121485159083 0.267465668893477 0 0.219634234282422 0 0 -0.0914295021307971 -0.0139330336917469 0.190610169638804 0.0852418663048693 0.0597150450041384 0 0 -0.137209186013026 0.16471845090334 0.2033186980908 0 0.0323260331159365 -0.190178620658426 0 0
0.069239069160382 -0.104568098067349 0 -0.0886068624891039 0 0 0.0162703978034526 -0.0264211877987941 -0.0765027826798559 -0.148694615511701 -0.0421094047221411 0 0 -0.0326788662416097 0.158422058470928 -0.111174365760116 0 -0.0987226355417785 -0.0859995269414448 0 0
0.0694619771868268 -0.105638172967516 0 -0.0883718542761158 0 0 0.0160678943572482 -0.0228306669798287 -0.0774554796890339 -0.149521277750356 -0.0431078451024724 0 0 -0.0327593910335224 0.159133440639907 -0.11117583842362 0 -0.0991486105172657 -0.086492535892163 0 0
0.069706351442593 0.25849834839921 0 0.133458870395415 0 0 -0.0259073181640047 -0.0257606102540431 0.181354056028919 0.0743405881694462 0.121903913104724 0 0 -0.0909872389785551 0.0378885975169412 0.155608991328543 0 0.0761114771926154 -0.0448316440820952 0 0
0.0787305941603538 -0.253448793762977 0 -0.0627689101791739 0 0 0.0359705517210117 -0.0314864697954929 -0.243405703250755 -0.281486953420707 -0.184664065872395 0 0 0.0739471236254818 0.0684348803804138 -0.0933938188149842 0 -0.118096234356412 -0.0221412080366188 0 0
-0.0413453317891483 -0.0741970670872677 0 0.0522010215421179 0 0 0.042986163986454 -0.0507732831184357 -0.124202084532127 -0.265898451183267 -0.0948611058062863 0 0 0.021964961208058 -0.087093784173026 -0.00767543344616767 0 0.0379149791644238 0.133874762499511 0 0
0.0375521240839337 0.102512918079879 0 0.246283645611729 0 0 -0.000993868639544452 -0.00672613061948357 0.0597925421123994 0.144899343643938 -0.0256769692125337 0 0 -0.0916155087224978 -0.0610881315042585 0.249783854851542 0 0.0783016505182372 0.0472102536927108 0 0
0.119371004185799 0.267907875701829 0 0.219432647913697 0 0 -0.09247143580178 -0.0154114893532963 0.190753741457023 0.0854230009928299 0.0598465388100533 0 0 -0.136840452664604 0.164343801409274 0.203753325625464 0 0.0323672343899765 -0.18982570681503 0 0
-0.0678773443700727 0.106629913380985 0 0.138575639080094 0 0 -0.0881493311032092 0.0781618579978657 0.157016026722893 0.272906748129393 -0.00403282837795795 0 0 -0.064689827063647 0.0667433788098749 0.121138014763349 0 -0.0608956933958473 -0.15236970913247 0 0
-0.0583185934014959 0.0970251842710515 0 0.14526854518167 0 0 -0.0788020876247347 0.0776356954718212 0.142154198508532 0.264744132238058 -0.0201027642336612 0 0 -0.0544918101806862 0.0710601151452111 0.11697384860959 0 -0.0655029718542157 -0.143719194688345 0 0
-0.0575323352999105 0.0937209380827442 0 0.141481083335351 0 0 -0.0785686343244001 0.0779057665134296 0.138672860167932 0.263829357940139 -0.022649044066126 0 0 -0.0543421056761246 0.074009283834283 0.112103180964075 0 -0.0655842082580289 -0.144199125023645 0 0
-0.0666071072405757 0.10341314618235 0 0.138559776051575 0 0 -0.0858500210573503 0.0771150027371083 0.155132614413184 0.270315022657656 -0.0050851654293403 0 0 -0.0647904153522124 0.066381787049003 0.118473021304436 0 -0.0583382113845719 -0.149963136874939 0 0
-0.0673700504545434 0.10285550843382 0 0.138610586384191 0 0 -0.086008160454695 0.0783707236844607 0.153928625497963 0.273108543667005 -0.00561716466817456 0 0 -0.0628163881867271 0.0659107691124072 0.119753388882263 0 -0.058682288974059 -0.149766317501282 0 0
-0.058783810229353 0.0963645885533745 0 0.144197518987123 0 0 -0.0810975262733669 0.0754424431260514 0.146030488590136 0.258180117850227 -0.0151526344856132 0 0 -0.0565898910304674 0.0656114905109028 0.119577811241395 0 -0.0649513392484418 -0.146980410008775 0 0
0.0494361753105349 0.104872752390959 0 0.0800444275662178 0 0 -0.0140081207053977 -0.110908591746253 0.0520291131321431 -0.336785102476752 0.072686370768258 0 0 -0.187777064379231 0.0490365957274999 0.0880651385445858 0 0.0113474668143464 -0.045003843554012 0 0
0.0794087701178979 0.06706752578077 0 0.087403367810673 0 0 -0.00363659305382902 -0.0737682152061721 0.021067364735647 -0.218171856678839 -0.0239104240579166 0 0 -0.126455486732185 0.09918261365039 0.0620391707303691 0 -0.077220557032403 -0.0820566231069204 0 0
0.0443357703660096 -0.0920785676310065 0 -0.0547244966098695 0 0 0.0149837984509416 -0.00578772697641761 -0.0369233309886965 -0.0952861384897713 -0.0781131050180184 0 0 -0.0448434474628479 -0.0220421255372674 -0.0287643281192304 0 0.104150628767206 0.0917616864834694 0 0
-0.0598002991336448 0.0507101135165367 0 0.0357812403040881 0 0 -0.0355023399831324 -0.0125928609980884 0.031205135219253 0.120085297855784 0.0300296734672771 0 0 0.0129814108324384 -0.0354225595050292 0.0246005607366292 0 -0.06445755994623 -0.0333591235121216 0 0
0.0676421865627569 -0.103844307166244 0 -0.0866994998821581 0 0 0.0136113029154854 -0.0261983725936036 -0.0742775859322152 -0.146355395568059 -0.0423111333124526 0 0 -0.0332227788444263 0.156844566839952 -0.109921859890204 0 -0.0968999622011697 -0.0839730362282458 0 0
0.0518314943283908 -0.043555699886677 0 0.0238404982514932 0 0 0.0213848040324013 0.0122077386883865 0.0136001509708536 -0.134894265850894 -0.0344044181287054 0 0 -0.0282698477116372 0.0339566762564379 0.0464566533121653 0 0.090991073400738 0.0797292978747549 0 0
0.00447388441851187 -0.00754785595477756 0 0.00051720249359189 0 0 0.00180024674060794 -0.00119573511664344 0.00146454693737572 -0.0266115144869443 -0.0142365197616107 0 0 -0.00240073554729497 0.00132556398910463 0.0176431405574145 0 0.0259217018559611 0.024077002627038 0 0
-0.00788024403375905 -0.0324365073214384 0 -0.0132636881238438 0 0 0.00695011159343701 -0.0168321894604522 -0.026428987943255 0.0270914706388595 -0.0211837635468994 0 0 0.0233443235309518 0.0112368772898741 -0.0118768147748228 0 0.00143716029593959 0.0266181724589513 0 0
-0.0324639308591857 0.0206615545847052 0 0.0208914361591431 0 0 -0.0143984530850394 -0.00531626625986728 -0.00431324285375865 0.0776975599964812 0.00225234696175022 0 0 0.0104801355641292 -0.0105323312242778 -0.00606228470813275 0 -0.0498428084064435 -0.0328444514035012 0 0
-0.0138665482235397 -0.0100552508582491 0 -0.00408966386070838 0 0 0.0039371235403921 -0.00984587930956038 -0.00910361913451127 0.0561990211100166 -0.00790983700223512 0 0 0.0215650185956552 0.0088179930091025 0.00287883809302317 0 -0.000777526034470013 0.0227802430834662 0 0
-0.00786825827529223 0.00428334009842728 0 0.000621695231789655 0 0 -0.0103754335797968 -0.0117730873692205 0.00655944601851629 0.0401337795895526 0.00693835830701604 0 0 -0.00271708665180167 -0.00553831006352371 0.011423545648435 0 0.0028496998595139 0.00735915433560041 0 0
0.00825117224345186 -0.0166590491160081 0 -0.0219355273108692 0 0 0.0117620398803442 -0.00203906089863773 -0.000242053099019018 -0.0179275768152941 -0.0190441301760934 0 0 -0.00627608476382345 -0.0092027982730845 -0.00596701974764468 0 0.00658823856275727 0.00908673785549178 0 0
0.0243428553587902 0.0762233918321485 0 -0.0927313767350737 0 0 -0.114388760993341 -0.0899405639480751 0.091061176085278 -0.257613059535202 0.178698556969241 0 0 -0.258083858956062 0.0695996831829996 -0.0107742819431317 0 0.107684967184191 -0.138747915034313 0 0
0.0511931461649801 -0.0437049147493532 0 0.0233271151970859 0 0 0.0212081086120525 0.013571665004111 0.0166818483234362 -0.131735844316082 -0.0321411067626924 0 0 -0.0271072449850308 0.0332724159396812 0.0478385430192783 0 0.0903425736492641 0.0789155548013014 0 0
