0.276836300673315 0.22940491121663 0.172513162660661 0 -0.000133456031927668 0 0 -9.1831481776595e-05 -0.00120024604920157 -0.0524108871881599 -0.0550130652512126 -0.0306039140997346 0 0 -0.0228462994849809 -0.00353679940562008 -0.00661529964050463 0 -0.000802023548787178 -0.00489925246468872 0
0.362081952922815 0.0256580439071563 0.181673824256496 0 0.000235201742278166 0 0 -0.000163094820926776 0.00740850264694415 0.0377092282316093 0.0369499340970425 0.0359200355333181 0 0 0.0305185204434907 -0.000846446692122312 0.0115245706616617 0 -0.000551054980612638 -0.00494035122029139 0
0.0302719658835655 0.0229982409273112 0.017923615680513 0 6.38051974599395e-06 0 0 -1.17356611623013e-05 0.000211018803378123 -0.00237100776043718 -0.00406110673196516 -0.00322686293660279 0 0 -0.00269685088814832 4.66371576105763e-05 0.00148993010478238 0 -0.000102495096786641 -0.000626103006962587 0
0.0798381698408407 0.00932329995770935 0.128495007086506 0 6.312687471447e-05 0 0 -8.55711369390695e-05 -0.000878795984130602 -0.0106573455389832 -0.0191061489375909 -0.00883213139726091 0 0 -0.0139351443010924 -0.0020026624655851 0.000796715031569417 0 -0.000411476894750068 -0.0033683783418617 0
0.000322897083990238 1.04384023278791e-05 0.000137027235322684 0 1.16299336766236e-05 0 0 -6.0466613381862e-08 1.09275037660287e-05 9.43858405006734e-05 6.92368153106452e-05 -8.43339724116092e-06 0 0 8.39242687228067e-06 -2.32881227800611e-06 -4.35585659763918e-06 0 -5.28093927152804e-07 -3.22592207934915e-06 0
-0.000146361444712785 -1.20755043573165e-05 -4.6879439588176e-05 0 -8.16426847350035e-08 0 0 1.08306503026111e-05 -7.34259129272685e-07 -3.20627361504643e-05 -2.2767808374219e-05 -1.8722163954762e-05 0 0 -1.39763875732849e-05 -2.16366240381318e-06 -4.04695700281291e-06 0 -4.90643658423542e-07 -2.9971528347895e-06 0
0.0042168304597182 -3.83572348501619e-05 -0.00132397395978248 0 8.99472597802175e-06 0 0 -1.87376065679275e-06 0.00715801283446699 -0.000599544229309026 -0.000996188205765072 -0.000271765445097334 0 0 -0.000411442909990275 0.000950742073397123 -0.000134980814416435 0 -1.6364760128718e-05 -9.99660066289852e-05 0
0.0576592223705401 -0.00181805197162145 0.0143247920513926 0 8.73499419659349e-05 0 0 -2.85878861043123e-05 9.62189208978804e-05 0.0308103908027814 0.00977499735613688 0.00394603280780018 0 0 -0.00197815251205071 -0.000469721902727761 0.00380345415734334 0 -0.000107935832199001 -0.000682975432490833 0
0.072243038167041 -0.00244988957601471 0.0111181342364258 0 6.88208929754404e-05 0 0 -1.43248342014251e-05 -0.000203201782450226 0.0125119848217989 0.0378788443519527 0.00652995304335766 0 0 0.00523007942571088 -7.38000159806192e-05 0.00230692240023544 0 -1.66812525066546e-05 -0.000556858650117803 0
0.0621284306617943 -0.00185833856246546 0.00981488905708012 0 -5.47222394648445e-06 0 0 -1.1828510765617e-05 0.00019808744233124 0.006722406033585 0.00784598251435335 0.0405735911322699 0 0 -0.00095698996349844 -3.43470318843373e-05 0.000227809586833506 0 -8.22289073995919e-07 -0.000345744742907507 0
0.0398508928908464 -0.00241013418429789 -0.00286790766756638 0 5.63426313476279e-06 0 0 -1.22491624960745e-05 -0.000105376976036416 -0.00185686585049447 0.00416431451888295 -0.00209640985944981 0 0 0.0451762262041756 8.38915596291676e-05 -0.000238257836375203 0 -6.31777953256114e-05 0.00011344811595417 0
0.00161968130047466 0.00016438038622236 -4.5747957845799e-06 0 -2.25983086844574e-06 0 0 -1.55499616028099e-06 0.00100258418121479 -0.000256168882916253 -3.4341981921464e-05 -9.70041834203411e-05 0 0 0.00016879624056041 0.000801075820360163 -4.17389456546553e-05 0 8.81061747947935e-06 -8.29597717847107e-05 0
0.0137432752965302 0.00153822242158368 0.00386648533614487 0 -5.38930096288928e-06 0 0 -3.70839358861191e-06 -4.84690507819977e-05 0.00374636300241518 0.00190153426870636 -0.000155960936483658 0 0 -0.000278453096273399 -7.25462314044105e-05 0.00330502657246794 0 3.11024696698795e-05 -6.81430057646615e-05 0
0.000214141021214152 -6.10026541361633e-05 9.90469430967184e-05 0 -4.12439953832621e-07 0 0 -2.83801125788364e-07 -3.70930723752361e-06 -2.02329124341784e-05 3.34930183105327e-05 7.9036825706937e-06 0 0 -2.68034365957483e-05 1.14610798384395e-05 4.30459718285816e-05 0 0.000116009384625891 1.66042084584542e-05 0
-0.000694455022772575 -0.000403408827362784 -0.000369229162148151 0 -2.72745375573003e-06 0 0 -1.87676882227083e-06 -2.45295439060351e-05 -0.00022892469054661 -0.000336111947902354 -0.000340143301111535 0 0 0.000300034639879326 -7.22819095007297e-05 -5.49598970365627e-06 0 1.53540987589288e-05 0.000781358054801529 0
0.000814224413745045 0.000674720327107735 0.000507391654884296 0 -3.92517740963731e-07 0 0 -2.70092593460574e-07 -3.53013543882815e-06 -0.00015414966820047 -0.000161803133091802 -9.0011512058043e-05 0 0 -6.7194998485238e-05 -1.04023511930002e-05 -1.9456763648543e-05 0 -2.35889279055052e-06 -1.44095660726139e-05 0
-373616.384618584 23258.1155367334 -114799.440245403 0 -686.075691797657 0 0 229.653362876224 -4983.49035989757 -93260.476107878 -100405.018289006 -76095.200002855 0 0 2489.78229632455 493.257513005404 -15458.7482490572 0 879.781891243701 3843.75045511247 0
11.3452906811263 -0.966142371445854 3.76210837239397 0 0.00920865993457144 0 0 -0.00291482788222928 0.335838730324578 2.09926231170969 4.56027544134039 0.600450765252754 0 0 0.670630620313659 0.172846380000046 0.359290675654785 0 -0.0279860678526684 -0.188797789242493 0
-0.41739065051992 0.103180942813796 -0.105134402977942 0 0.00411076384898807 0 0 -0.00300184671218938 0.024543333534306 -0.0705507866464912 -0.149130090709202 -0.458459811891061 0 0 0.129630787356108 0.126575815603743 0.0792751244667723 0 -0.00500270592137863 -0.0831196236751319 0
3.66756827964483 -0.297299418252343 2.11166016892976 0 0.0328569548546441 0 0 -0.0339661953425497 -0.0535201523940219 2.45213324249576 0.37279260836232 0.0769279286258921 0 0 -1.23376218078476 0.413082959183269 0.525749776202483 0 -0.00522906975642789 -0.576406466087147 0
91.6606494101412 7.44126834125714 44.6704962277148 0 0.363064168064846 0 0 0.0175161841415534 -0.617445507357918 24.4094253871158 1.38001519442028 9.93187484687558 0 0 -0.0290707431691701 0.96616611948267 4.66636464444458 0 0.163744471988372 -1.76213117499076 0
179.301613120349 7.15900908800352 85.2287705543748 0 0.901270930449991 0 0 -0.312337150401764 -0.683928455337574 60.3448936789173 17.2332235889406 18.1323787259928 0 0 -17.6351198625805 4.77828818365915 12.0932696528381 0 0.474888510649046 -7.33860635853177 0
-511.287847317596 38.6486507167681 -137.984247331861 0 -1.71860718333584 0 0 0.233759038836538 -6.74521300258471 -88.1777605446607 -135.327514196878 -51.890907608762 0 0 -108.178425569329 27.6238449212045 -20.9061011516108 0 -6.97906928108257 -20.340167932784 0
-514.500303943644 38.906524193242 -139.585069012901 0 -1.71672951119378 0 0 0.230858600340224 -5.93057202497052 -88.6787053491501 -136.323630277356 -53.2017022054691 0 0 -108.138415592485 27.8048827255657 -20.8962790236183 0 -7.01902187982216 -20.3965899023619 0
112.319922993594 3.66846709834456 53.248730139673 0 0.36732421946831 0 0 -0.0567450865880595 -0.771205422457931 32.6735178986292 3.64433145327041 22.2839899626955 0 0 -6.86086169267228 -0.0237113713246017 5.00327658229707 0 0.767709747777589 -1.42920230183192 0
-9.78666570857209 0.55374015213155 -3.60573565380073 0 -0.0127016396657251 0 0 0.00576865177828543 -0.082142468497703 -1.96541116058585 -3.28835124352108 -2.4735934431815 0 0 1.17165473379363 0.20174640415224 -0.129960646001436 0 -0.0860790737251978 -0.092258324425963 0
-9.32286235714398 -0.339988584851177 -2.18745100926916 0 0.0122013967221129 0 0 0.00834425469479961 -0.147653368450702 -1.79188733703164 -4.08158918515736 -1.5942556469439 0 0 0.508932651953492 -0.0977920410703934 0.046155278295145 0 0.0317487404090506 0.281447772978706 0
15.2881372160221 1.04410502702122 6.3747620210571 0 0.13380461093329 0 0 -0.000676371320502368 -0.0369137902746349 6.02528016460403 4.96753187053696 -0.652025114955505 0 0 -4.11817112218539 -0.537106977006899 1.7136798346196 0 0.151961129115085 0.224270918989372 0
15.3490902137785 -0.919053779999152 2.75221323017481 0 -0.000887161819645592 0 0 0.0105422206157327 0.0396134725642924 3.3013947399084 3.4426608314303 5.23646225816051 0 0 1.81935536407012 -1.22994146240187 -0.0279035555695856 0 0.199708879340595 0.688392159850321 0
11.1129443675554 -0.325790938990275 3.45718200225529 0 0.0376230927045414 0 0 -0.00485322392014148 -0.0344130267712098 3.87561217513615 1.47177649836591 3.33333153680908 0 0 -1.17107700345825 -0.777727764150017 0.541108037896238 0 0.275901629906464 0.451739022199394 0
15.6487078093746 -0.181390625714745 6.06313534385931 0 0.062933964906677 0 0 -0.00551745024051804 -0.0432153213046217 4.55897623574039 2.28096198343999 3.33347582431812 0 0 -1.24564668264761 -0.66705229857312 0.77607207042051 0 0.300089312587702 0.434916977699013 0
12.030647273733 0.254286096256513 5.21234238850363 0 0.0596675744783396 0 0 0.00143338911668089 0.019131393568204 3.13577533737205 2.80138883225286 1.52732576359922 0 0 -1.95020085360157 -0.477331401165589 0.698897282017352 0 0.271907662855471 0.471101584189583 0
-32.0981429994192 3.4005217204114 -8.38853371739452 0 0.00140056499631408 0 0 0.0113085604132526 0.869263548578549 -7.33046167624481 12.8317397829845 -14.275834663491 0 0 -20.9417423857835 2.13738247610393 0.0964081524088143 0 -0.252205236233045 -0.296305647607638 0
-16.4469372751242 0.0449408561984944 -10.8416704606588 0 -0.049119233973378 0 0 -0.0596008714652487 0.730415428489031 -5.97425130946878 10.872343084979 -9.64370911350704 0 0 -1.07017356942007 1.69064136363529 -0.537112710805253 0 -0.318700194604337 -1.08540109059159 0
8.20094626337792 1.7206396063985 4.49168417008287 0 0.116707065010034 0 0 0.00327577173881904 0.119083491552579 3.81516354347157 2.33091884505311 -2.26573436225698 0 0 -3.78759461704893 0.0103293705776205 1.5152079142675 0 0.0942447584834995 0.0255318766655729 0
21.1512585094298 2.04485780421386 5.34240959616773 0 0.0559974638248696 0 0 -0.013071551936517 0.609500833517284 1.34511221018959 13.6753378098903 -3.89830188511718 0 0 1.27695403513137 1.09412650884997 0.704224084770857 0 -0.206277074150096 -0.834532796346827 0
7.70662152186707 -0.511878554976058 5.1899243149665 0 0.025048074564521 0 0 -0.0240222357642175 0.0509597838267893 3.68399476039796 1.61802908784223 2.87949439969664 0 0 -5.49024142175127 0.262450070934604 0.4377865952121 0 -0.0284772639312039 -0.300507919407042 0
50.9104011741768 -6.43106464494522 14.1718887758016 0 -0.339358074032658 0 0 0.0245045714177031 0.522061461050318 8.48708447936376 20.4268392117636 34.7935386238594 0 0 -16.8994814782119 -4.15070841424646 -3.69484643168622 0 1.0369946920122 2.87844198284248 0
13.4721960802973 0.558411680174624 4.92158358579306 0 0.0745542105515299 0 0 0.00152593986714881 0.0634708562472791 4.14736142851111 3.3167175359806 1.33132304149575 0 0 -1.87986317462744 -0.487366642017129 0.951221091758352 0 0.179133736744414 0.288119443631189 0
-6.06608921291346 1.970582279172 -8.416617657644 0 0.00212336141855648 0 0 -0.0140199795165999 0.884879091078354 -5.8658235916956 12.8959547177505 -12.1885023300671 0 0 4.15392444132985 1.57635930109807 0.0439799725360304 0 -0.326665440052859 -0.733914103165237 0
21.1067352238851 2.03992650620664 5.33121181534364 0 0.0560131964465196 0 0 -0.0130607262740311 0.612680666907093 1.35143541231426 13.6769038712279 -3.90173534125319 0 0 1.23891906079883 1.09415762754182 0.70546209969463 0 -0.206182526658572 -0.833955242194485 0
-496.973861211158 6.90682699431331 -150.867475160533 0 -0.52964142036855 0 0 -0.364447794079967 -2.22832935274999 -91.0585468724525 -122.221391505583 -110.482769005604 0 0 -23.3067549214972 19.3063805308048 -6.66886418466792 0 -3.18295760343672 -11.0190569338499 0
511.325230597862 -7.68612267989839 156.754942085584 0 0.58867175767411 0 0 0.34569774665446 2.33161268407835 97.9657673032512 124.755922870952 114.112997068378 0 0 18.5599882903987 -19.4755421513927 7.74314174831611 0 3.15978490249435 10.9761963684234 0
0.419260775347112 0.0146294502489841 0.0266705200493474 0 0.00154868486429636 0 0 -0.000753035920051675 0.0107133099601438 0.0515917019058417 0.292462779162236 -0.0330445094862847 0 0 0.00463686225760926 0.00666840238742083 0.0254512654904645 0 0.0117532143649738 0.00883640259200248 0
4.423324680091 0.102593611328725 1.31263907588405 0 0.00598597253357663 0 0 0.00717285746617502 0.0555643999316038 0.125234358718787 2.30113824738479 -0.0306275599969082 0 0 0.595090608149354 -0.0415477052924401 -0.0224104125638575 0 -0.0446401499609516 0.0284740182385026 0
0.058441844501005 -0.011029994196368 0.0285534660183077 0 -2.48173689864146e-05 0 0 -0.000301959555969213 -0.000529436774761511 0.0428945361204497 0.000977011963298972 0.0431558927436529 0 0 -0.0436989638640863 -0.00155129931586267 0.00200240427043951 0 0.00125873346714832 -0.00214158576836942 0
2.58854171465062 -0.800158768957854 0.288064939717463 0 0.0415759919670305 0 0 -0.0143590107914551 -0.00942299945778072 0.245573229405423 4.70332810586254 -1.22684816909515 0 0 -1.03572557025259 0.203766555810712 0.433068201010794 0 -0.15321202736219 -0.134977111340997 0
-6.96848299232777 -0.0537245796329495 -1.90394371075905 0 -0.0372547431830786 0 0 -0.00376169413582097 -0.116315466637018 -2.60433978206461 0.887353175568655 -0.156269204135357 0 0 -1.92208493781759 -0.120720042053437 -0.368693957213235 0 -0.14829270060257 -0.392358633649284 0
-0.0449442828189613 0.00255544399557956 -0.0304402661452315 0 6.38700654889782e-05 0 0 -4.57092520462104e-05 -0.000984937746073695 -0.0161721843481353 0.00758531717804296 -0.0199250487775523 0 0 0.00895134449082076 0.00182436040601572 -0.000881990394047428 0 0.000750362647773302 0.00155871498769943 0
-5.59907234772563 -1.03840259349102 -4.00616499880739 0 -0.0289576834284744 0 0 -0.0104264616346586 0.0387374824410784 -1.27908065916318 1.48623004317642 0.0742622491443595 0 0 -1.06984627991296 0.0906997615662083 -0.162410285473673 0 0.0758401214146484 0.255639048758841 0
-0.112622096363316 0.0101855286546675 -0.0308441497903041 0 -0.000329087917235513 0 0 -0.000227802459651222 -0.00215331198781869 0.00169743651417343 -0.0504197559571918 -0.00825498265245442 0 0 -0.027101505244466 0.00687425317363646 -0.00168585090390357 0 -0.00127912004796226 -0.00830324631428435 0
0.0070955324302757 -0.000262580013772164 0.00340937817174889 0 9.54195103243171e-06 0 0 1.0700648121563e-06 -2.95835387178819e-05 0.00171886858720866 0.000447508541344783 0.00252124136216884 0 0 -0.00065441110538765 -7.53383715827768e-05 6.96341754663358e-05 0 6.22494781188144e-05 -0.000120247258410279 0
2.57792387336924 0.0210099944739581 1.08441495000382 0 0.0112411836541428 0 0 -0.000686378202862926 0.00508571458126319 0.92639081792869 0.269555302659573 0.425158676325118 0 0 -0.267545862545823 0.0123980125518725 0.140782350445301 0 -0.00132107778755997 -0.0434752310755334 0
2.53078361033425 -0.563543220812052 0.460710405888091 0 -0.00999500751938143 0 0 -0.0119899973274255 -0.0665461705346992 1.02610969259799 -0.684768436520994 2.0356640222853 0 0 0.607641863465975 -0.163736200375163 -0.0792308048627704 0 0.0638030330950178 -0.0419868866734961 0
13.263445348956 -1.03641932043622 4.05055524135602 0 0.0653683461896846 0 0 -0.0342297327453968 0.436536171129942 4.54608105145244 9.17277807251772 0.0970798804050957 0 0 -4.70097473711471 0.422477431752812 0.953742129393623 0 -0.103135733148222 -0.487922370696582 0
12.1878708263438 -0.854943798397022 3.6459103135205 0 0.0653035230437553 0 0 -0.0314965655617744 0.41327562329153 4.18538823027671 8.66013684397935 -0.252956606577999 0 0 -4.30792231650431 0.428142792825666 0.935690135372938 0 -0.111673177831474 -0.478373489856279 0
12.2099156107687 -0.851267499183642 3.66645167583994 0 0.065601585140274 0 0 -0.0313763084882829 0.413720805955163 4.18086389926303 8.67930340728627 -0.266476186679519 0 0 -4.31447292295568 0.423238713469153 0.938166729180632 0 -0.111441931202828 -0.47453302939686 0
12.5570245667239 -0.880918497164299 3.74691638516581 0 0.066930764725019 0 0 -0.031607288574675 0.413313705283474 4.325492411317 8.74301783611334 -0.186941614634477 0 0 -4.31745500664707 0.410026188532349 0.962471505257898 0 -0.113717438649651 -0.471807381798177 0
12.4451112292629 -0.839455922775592 3.78402351591131 0 0.0672445349636308 0 0 -0.0311391719968382 0.425441195955556 4.16165938112994 8.93656338448935 -0.312084114118298 0 0 -4.4466058872218 0.429461074704764 0.954732101223933 0 -0.112252658019072 -0.466124197398332 0
12.1524293607061 -0.830051021734549 3.70555643030077 0 0.06591407377814 0 0 -0.0310048932541011 0.426662719100684 4.02707170888478 8.92911903883468 -0.409259541315785 0 0 -4.40606978963519 0.438488127505022 0.927715859817079 0 -0.114250059557715 -0.470747772257111 0
179.803920069955 7.22194018246411 85.4752928526317 0 0.901508969312561 0 0 -0.316263198137121 -0.758075031202568 60.4237871539275 17.2994330335758 18.1868266020589 0 0 -17.6024728129082 4.77272258044394 12.1312189321497 0 0.476070846035641 -7.33376994933435 0
13.3890365458096 -1.07884874295178 4.10992049150392 0 0.0657283254586979 0 0 -0.0351472235731365 0.441504708241564 4.61905935360468 9.19995941731375 0.120959225448678 0 0 -4.71720487622075 0.421824031094922 0.964787668364476 0 -0.106907501063625 -0.494396778567063 0
12.4274923938499 -0.840438267683048 3.81145278198448 0 0.0674949907761785 0 0 -0.0309048190228974 0.426123118262711 4.14185421933103 8.9268537200004 -0.356604194352866 0 0 -4.41607357884964 0.429917169319868 0.954062549814953 0 -0.113196331215662 -0.466537190491254 0
12.0737923103339 -0.82072004668769 3.68705072653203 0 0.0657537540200041 0 0 -0.0308251383558682 0.427823264890605 3.98898726433317 8.90460394603364 -0.430367915994906 0 0 -4.39709158977377 0.442065407608434 0.924785149819278 0 -0.113364762429069 -0.469344687087505 0
