0.077772972790749 0.282252471938818 0.109430771858929 0 -0.00671474822159738 0 0 -0.00556346404300381 -0.00499993528240742 -0.0509862779268069 -0.0482610275005747 -0.0236456154902436 0 0 -0.0251342253713851 -0.021046797557952 -0.0279034813957771 0 -0.0111779392228465 -0.0280488357519226 0
0.223960962018376 0.0695053716060886 0.253728566827224 0 0.0260550458872342 0 0 -0.0217547274386649 0.0679491957948182 0.0807679805933131 0.071368105934757 0.0611040771218923 0 0 0.0739218619042259 -0.0110900879343725 0.107027014039966 0 -0.016909444422121 -0.0622734070698804 0
0.247061638387 0.822031938291201 0.330294907556173 0 0.0093262405178997 0 0 -0.0206547662584575 0.0255372591192073 -0.0670075597720226 -0.103498523195368 -0.0724291180438721 0 0 -0.0861917310866112 0.00806244375239815 0.182571841469532 0 -0.0414989150850129 -0.104133349618097 0
0.0567783851966754 0.0290383209618625 0.206333753863345 0 0.00804030669897374 0 0 -0.0131234432363861 -0.00926720911346883 -0.0262450645971546 -0.0424297702711606 -0.0172745193254568 0 0 -0.0388085941932593 -0.030168252508575 0.0085070440918324 0 -0.0145173343406774 -0.0488171798945848 0
0.155024743844975 0.0219482708841378 0.148544083194382 0 1 0 0 -0.00626037827398727 0.0777940352963888 0.156916958648411 0.103800403170478 -0.0111354415635072 0 0 0.0157785991054804 -0.0236832507859026 -0.0313988456379804 0 -0.0125781576582053 -0.0315624079880214 0
-0.0626648671235948 -0.022642902406992 -0.0453201574083156 0 -0.00626037827398726 0 0 0.999999999999999 -0.00466160236844732 -0.047536166073629 -0.0304399349836154 -0.0220455767818741 0 0 -0.0234334562154419 -0.019622614254547 -0.0260153237223204 0 -0.0104215564827256 -0.0261508423185822 0
0.0395421919058172 -0.00157525646663129 -0.0280327436413256 0 0.0151059623869258 0 0 -0.00378910592297224 0.995303445110885 -0.0194680279705427 -0.0291703105323492 -0.00700868951139089 0 0 -0.0151087369162933 0.18884576276219 -0.0190042113710148 0 -0.00761295397768823 -0.0191032077961814 0
0.272392496924466 -0.0376150838376359 0.152801018416486 0 0.0739051738879617 0 0 -0.0291243629015305 0.00674023870214775 0.504022242112667 0.144200931552638 0.0512690225650503 0 0 -0.0365957042014082 -0.0470042474100975 0.269778760331518 0 -0.0252965307939642 -0.0657522772434605 0
0.537566741946576 -0.0798384837264732 0.186801287958558 0 0.0917154616039092 0 0 -0.0229865622414957 -0.0224208637102128 0.322395324004502 0.880152989389439 0.133633220468489 0 0 0.152401292889251 -0.0116322245788335 0.257734516910982 0 -0.00615791950870585 -0.0844424290205625 0
0.549610267284737 -0.0719977082892239 0.196047546378267 0 -0.0086699017980349 0 0 -0.0225653749348354 0.0259842289027494 0.205927965586157 0.216738891084216 0.98713349445138 0 0 -0.0331524641073155 -0.00643611209012018 0.0302579609955928 0 -0.000360875945308563 -0.0623303256449654 0
0.215998607643046 -0.0572115215447016 -0.0350985861947158 0 0.00546935210821314 0 0 -0.0143175042921966 -0.00846929113355939 -0.0348513462984782 0.0704825285221024 -0.0312505075216958 0 0 0.958885654315235 0.00963165894318998 -0.0193893521099757 0 -0.0169881592272138 0.0125311099331615 0
0.0777290393961436 0.034548811279147 -0.000495720646550933 0 -0.019422965179303 0 0 -0.0160927803720183 0.71344913501663 -0.0425702540483002 -0.005146407190539 -0.0128030128903442 0 0 0.0317219940272835 0.814324099805334 -0.0300744999834145 0 0.0209763074584252 -0.08113357971894 0
0.249638191080592 0.122368404816389 0.158580108672389 0 -0.0175323075608622 0 0 -0.0145262874327902 -0.0130549054503074 0.235644209280947 0.107857411898403 -0.00779120445942067 0 0 -0.0198069136921048 -0.0279129392258373 0.901361377886494 0 0.028027516530487 -0.025224433652649 0
0.0371469303841655 -0.0463448172237873 0.0387949951282847 0 -0.0128135555082424 0 0 -0.0106165939482064 -0.00954122867521404 -0.0121536744626809 0.0181427203687238 0.00377068747536191 0 0 -0.0182078019109489 0.0421132280990745 0.112113726555929 0 0.998355343631922 0.0586976340847149 0
-0.0432071314967729 -0.109922371335241 -0.0518703130292246 0 -0.0303916703328548 0 0 -0.0251808347124354 -0.0226302431265824 -0.0493207965727698 -0.0653010733209506 -0.0582024437481918 0 0 0.0731015669636511 -0.095260062154861 -0.00513405397879444 0 0.0473919525758232 0.990696803649827 0
0.077772972790749 0.282252471938818 0.109430771858929 0 -0.00671474822159738 0 0 -0.00556346404300381 -0.00499993528240742 -0.0509862779268069 -0.0482610275005747 -0.0236456154902436 0 0 -0.0251342253713851 -0.021046797557952 -0.0279034813957771 0 -0.0111779392228465 -0.0280488357519226 0
-0.409080276150605 0.111528671948221 -0.283814095164951 0 -0.134536622806676 0 0 0.0542254877445767 -0.0809104626938908 -0.353595223912745 -0.343291542468929 -0.229143676027631 0 0 0.0106754939389809 0.0114400064168232 -0.254132471587553 0 0.0477888529708122 0.0857663974794288 0
0.0681073319773796 -0.0254008792234352 0.0509942377866865 0 0.00990057773320359 0 0 -0.00377345509536202 0.0298949240779677 0.0436386276233723 0.0854858772154227 0.00991342280230171 0 0 0.0157654218472108 0.0219790269099776 0.0323837691827175 0 -0.00833468295282156 -0.0230969429510921 0
-0.0437545350118015 0.0473706373923628 -0.0248849499629975 0 0.0771771518515613 0 0 -0.0678604755115683 0.0381506850583815 -0.0256099276661157 -0.0488169560463842 -0.132175089842849 0 0 0.0532148070650019 0.281061282044682 0.124772965597375 0 -0.0260168247496744 -0.177567418717339 0
0.0724291447542346 -0.0257133457109136 0.0941609301915603 0 0.116211290183177 0 0 -0.144653878647315 -0.0156725955373082 0.167689298992716 0.0229893927285295 0.00417818027175658 0 0 -0.0954136652918079 0.172799452033128 0.155889711896918 0 -0.00512304942571889 -0.231976157390025 0
0.208083713786529 0.073982926561602 0.228974700819345 0 0.147612933903579 0 0 0.00857516911103259 -0.0207846267961649 0.191884039077999 0.00978282052821444 0.0620089510790074 0 0 -0.000258437345536742 0.0464597530250593 0.159051233725381 0 0.0184412675573686 -0.0815216107513291 0
0.240133317766799 0.0419904490005533 0.257730615554424 0 0.216176982586714 0 0 -0.0902069292348889 -0.0135821128036793 0.279856169883806 0.0720708766560547 0.0667868548821834 0 0 -0.0924891135885117 0.135553425145668 0.243172897740404 0 0.0315521420323627 -0.200290879842743 0
-0.150049524949566 0.0496744276158797 -0.0914345278031143 0 -0.0903299229682021 0 0 0.0147939994557083 -0.0293530516313964 -0.0896095620042416 -0.124016741608289 -0.041882095981359 0 0 -0.124323660272116 0.171720922997862 -0.0921181931084889 0 -0.101609806767655 -0.121647460152125 0
-0.150775507948529 0.0499340714909723 -0.0923625028664352 0 -0.0901016823450961 0 0 0.0145894612135849 -0.0257709355366444 -0.0899892523875383 -0.124750232850342 -0.0428784106016952 0 0 -0.124099246227784 0.172598161185108 -0.0919427167016386 0 -0.102044763165814 -0.121809759452642 0
0.229152714883949 0.0327779824627176 0.245295187641219 0 0.134215797687403 0 0 -0.0249657434774727 -0.023330643616898 0.230828931751874 0.0232172691896523 0.125034295172372 0 0 -0.0548139186969285 -0.00102469546437521 0.153258979743126 0 0.0777023629707818 -0.0594211802727358 0
-0.273818412789785 0.0678520995678082 -0.227789311428125 0 -0.0636463562399864 0 0 0.0348056901290817 -0.0340787832217061 -0.190417758125937 -0.287297040686836 -0.190337430425818 0 0 0.128372359339437 0.11956487930001 -0.0545937548092529 0 -0.119479787355967 -0.0526032787524008 0
-0.221741445412175 -0.0354153320399057 -0.117475553481928 0 0.051974822229598 0 0 0.0427989568980237 -0.0520750141030641 -0.147582355388218 -0.303146075234021 -0.104285409780845 0 0 0.047402570607497 -0.0492686933682029 0.0164824658451865 0 0.0374621814417785 0.136418972883742 0
0.152881333413621 0.0457270786878468 0.143937988539822 0 0.239638632195416 0 0 -0.00145858957501996 -0.00547364926587856 0.208642736750997 0.155119219052624 -0.0179321432918982 0 0 -0.161268020688716 -0.11377074870671 0.257295852127449 0 0.0753878509160752 0.0457037893716041 0
0.147595292029153 -0.0387043850789101 0.0597562736007203 0 -0.00152784244711117 0 0 0.0218609986444185 0.00564834500943015 0.109929298387243 0.103373486005591 0.138482798070285 0 0 0.0685095915754055 -0.250521059937281 -0.00402858583079092 0 0.0952700080543681 0.134897884331199 0
0.113403033587461 -0.0145600851154458 0.0796579890165608 0 0.0687600030579315 0 0 -0.0106800649155162 -0.00520723094924107 0.136949981768807 0.0468988780560078 0.0935496203897976 0 0 -0.0467977487840023 -0.168109813946903 0.0829053822549429 0 0.139675025545848 0.0939425828687549 0
0.147509504027286 -0.0074883432008807 0.129047723282947 0 0.10624597282925 0 0 -0.0112157411425716 -0.00604042787323785 0.148810982748284 0.0671405084502474 0.0864185186002187 0 0 -0.0459812077038214 -0.133189914022092 0.109836524977578 0 0.140333388297992 0.0835463035602259 0
0.116133768319259 0.0107503231554093 0.113609336412438 0 0.103155828350873 0 0 0.00298388209171591 0.00273844842376807 0.104819141800614 0.0844438401468792 0.0405479767056338 0 0 -0.0737212759827777 -0.0976021674122355 0.101294551224917 0 0.130214675392021 0.0926751816697323 0
-0.134329811871373 0.0623257384035119 -0.0792665791981327 0 0.00104973971820965 0 0 0.0102058187774375 0.0539426655134007 -0.106230680060816 0.167688430708464 -0.164309242984825 0 0 -0.343201588031737 0.189471841316725 0.00605772379782168 0 -0.0523619195794176 -0.0252703807343597 0
-0.089337306723083 0.0010691005228257 -0.132970586628644 0 -0.0477843042799706 0 0 -0.0698149546463393 0.0588309949119936 -0.11237182702151 0.184414907635932 -0.144065472447653 0 0 -0.0227638658238142 0.194522231057307 -0.0438042711189476 0 -0.0858813987857115 -0.120148244601798 0
0.0956303388914631 0.0878721038319344 0.118263983413399 0 0.243733227037024 0 0 0.00823746137681785 0.020590729046457 0.154053306166053 0.0848758114320748 -0.0726622273082312 0 0 -0.172957419152122 0.00255138218896397 0.265281623962063 0 0.0545202571716336 0.00606727700668888 0
0.210710024006791 0.0892157389608933 0.120170461222314 0 0.0999086760300033 0 0 -0.0280817498972925 0.0900350733302432 0.0464016723924715 0.425414319367783 -0.106805209825673 0 0 0.0498159280073669 0.230880075660988 0.105332663518091 0 -0.101945698855218 -0.169422758717828 0
0.103523119623321 -0.0301140824697166 0.157414925152147 0 0.0602606108666449 0 0 -0.0695880674480575 0.0101505443302437 0.171363553275447 0.0678710709705505 0.106379401909907 0 0 -0.288807680608519 0.0746775302778758 0.0882955849715437 0 -0.0189775673537722 -0.0822637680849261 0
0.10974034513079 -0.0607116530370239 0.0689761739081455 0 -0.131009820440394 0 0 0.0113908188294961 0.0166866774901195 0.0633496854273571 0.137494722988717 0.206265402653977 0 0 -0.142651768066747 -0.189518652628076 -0.119580235335903 0 0.110893297332562 0.126443538142762 0
0.157154437332915 0.028528052627629 0.129629749300831 0 0.15575654008206 0 0 0.00383860746472031 0.0109787032253724 0.167527563563649 0.120815261279587 0.0427109948786848 0 0 -0.0858733628042198 -0.120424259826233 0.166599208273697 0 0.103665584238022 0.0684920519479551 0
-0.0333135630372107 0.0473954057015881 -0.104366580315033 0 0.00208844035436969 0 0 -0.0166038079672111 0.072058407582121 -0.11154944783331 0.221151988599711 -0.184090180171529 0 0 0.0893336052653694 0.183373864557396 0.00362635614874276 0 -0.0889988599177213 -0.0821366303873722 0
0.210222671343614 0.0889820464757548 0.119893596768807 0 0.0999159237086385 0 0 -0.0280526470047315 0.090485939536078 0.0466100875031185 0.425374391048372 -0.106877006694208 0 0 0.0483220555056714 0.230838536834036 0.10549585196444 0 -0.101877741114372 -0.169270231562292 0
-0.259572202442613 0.0157991089102253 -0.177922888264417 0 -0.0495441565152346 0 0 -0.041049511346814 -0.017258078945273 -0.16469161390958 -0.199341130237216 -0.158703743658385 0 0 -0.0476705783787375 0.213597137909477 -0.0522973540366588 0 -0.0824754037080992 -0.117286605961193 0
0.266092026731623 -0.0175174679224549 0.184190591806978 0 0.0548647875116772 0 0 0.0387953092520959 0.01799200168602 0.176536746333394 0.202731329887393 0.163319385285363 0 0 0.0378230296601723 -0.214681255777659 0.0604999557434883 0 0.0815757582940887 0.116403453055271 0
0.081374772868807 0.0124354911541944 0.0116882260748302 0 0.0538337300880305 0 0 -0.0315187713606521 0.0308331333938283 0.0346746068789032 0.177256110905518 -0.0176389549916584 0 0 0.00352430696431584 0.027415570446977 0.0741682695209724 0 0.11316996322771 0.0349510645067702 0
0.204466467990024 0.0207693533037513 0.137003028605332 0 0.0495557277928603 0 0 0.0715012292452516 0.0380853841333582 0.020045777602336 0.332155191599687 -0.00389362087753893 0 0 0.107720993314479 -0.0406808717732095 -0.0155534356568634 0 -0.102368863680132 0.0268226320642925 0
0.101396093494577 -0.0838111834355068 0.111858168741671 0 -0.00771150082245776 0 0 -0.112978061247132 -0.0136207131965762 0.257706527775567 0.00529324807146267 0.205923257688174 0 0 -0.296901522965229 -0.0570115491501541 0.0521617652595587 0 0.108342798546987 -0.0757202672204725 0
0.0420008482546173 -0.0568602078418498 0.0105537028004967 0 0.120817925926351 0 0 -0.0502429864804857 -0.00226715125258267 0.0137978064981742 0.238305039938107 -0.0547471730733753 0 0 -0.0658099511937253 0.0700334837684469 0.105502414311453 0 -0.123328859160205 -0.0446315921731897 0
-0.0952201278540811 -0.00321508842756346 -0.058743008262027 0 -0.0911712590550809 0 0 -0.0110846510747448 -0.0235676575250609 -0.123229389232254 0.0378627436678364 -0.00587262003540187 0 0 -0.102850656505318 -0.0349413617277548 -0.0756414323963529 0 -0.10052619662069 -0.109257959741663 0
-0.0447203110761588 0.0111359201702236 -0.0683896481209997 0 0.0113818690625081 0 0 -0.00980804629055817 -0.01453207323571 -0.0557218054375196 0.0235683491913828 -0.0545252594304705 0 0 0.0348788862971139 0.0384512915163268 -0.013176419863127 0 0.0370399617574417 0.0316065016970525 0
-0.0866058541180837 -0.0703438792041194 -0.139917348036579 0 -0.080219665824448 0 0 -0.0347789247048103 0.00888486836147127 -0.0685102002795433 0.0717864147063169 0.00315912823074963 0 0 -0.0648032112952779 0.0297171562384262 -0.037717935057397 0 0.0581968061019926 0.0805819401859437 0
-0.139950176862961 0.0554322873682946 -0.0865434513656532 0 -0.073239883394405 0 0 -0.0610458695696214 -0.0396775856771783 0.00730414725003648 -0.195648103013735 -0.0282120078325097 0 0 -0.131882519124589 0.180944463702624 -0.0314537344890545 0 -0.0788551589737407 -0.210269907149918 0
0.118342397477211 -0.0191799036457816 0.128393226610175 0 0.0285022024191114 0 0 0.00384869493148201 -0.00731634087526622 0.0992714085169481 0.0233067522905983 0.115647908665163 0 0 -0.0427415248074745 -0.0266159232237195 0.0174373715020146 0 0.051506264061504 -0.0408704965743867 0
0.313899678026187 0.0112040773994911 0.298145213122871 0 0.245142543368565 0 0 -0.0180232163516125 0.00918250556883074 0.390608022505285 0.102492885256282 0.14237699232733 0 0 -0.127574242401123 0.0319773732244084 0.25737846258021 0 -0.00798028007495623 -0.107880273258008 0
0.100191352157406 -0.0977083849162897 0.0411826993126534 0 -0.0708670267669817 0 0 -0.102362843556359 -0.0390649010428152 0.140667947161835 -0.0846533240390225 0.22164059731097 0 0 0.0942034673853321 -0.137306110463983 -0.0470947505637989 0 0.12530993672482 -0.033874138153073 0
0.15421919518986 -0.0527772747343053 0.106342827262367 0 0.136124231277438 0 0 -0.0858289143885938 0.075264598706602 0.183039739785555 0.333048915606024 0.00310441161048515 0 0 -0.214049380052658 0.10405322060628 0.16650077369972 0 -0.0594922236006341 -0.115614463341562 0
0.144225166908235 -0.0443077966883146 0.0974161028471279 0 0.138399869835561 0 0 -0.0803756389938904 0.072517267706924 0.171504330851082 0.320009609406983 -0.00823241433741942 0 0 -0.199629651049243 0.107317804056436 0.166244952122215 0 -0.0655588072588005 -0.115361174448104 0
0.14452033483732 -0.044127744481837 0.0979882101578542 0 0.139064568568951 0 0 -0.0800877649922439 0.072612617827524 0.171359608795082 0.320793991171471 -0.0086744647780327 0 0 -0.199980671092724 0.106113738307152 0.166724541892166 0 -0.0654385831426313 -0.114462202981519 0
0.148193689579553 -0.0455310930533412 0.0998455080966917 0 0.14146682825469 0 0 -0.0804411441938425 0.0723287914986107 0.176768410373593 0.322202858333236 -0.00606759999856796 0 0 -0.199533014646465 0.102500148679864 0.170543062070712 0 -0.066579265132965 -0.113471567790057 0
0.146620440778178 -0.0433134738064572 0.100660973871083 0 0.141885689617713 0 0 -0.0791135421289939 0.0743230826768536 0.16978073332922 0.328769359725995 -0.010111961025527 0 0 -0.20514850375774 0.107174009171785 0.168880875698894 0 -0.0656086849564502 -0.111912022334937 0
0.143227509536035 -0.0428447392331735 0.0986116735396239 0 0.139132103592387 0 0 -0.0788027922851937 0.0745652481040124 0.164353453156102 0.328622280758332 -0.0132656988668238 0 0 -0.203356792783986 0.109468988782377 0.164165360629435 0 -0.0668018871618177 -0.113065723360681 0
0.240529983098736 0.042311004120342 0.258179779222549 0 0.215986187906626 0 0 -0.0912361087177725 -0.0150373286863409 0.279900801334402 0.0722648311557347 0.0669106081513366 0 0 -0.0922120599440574 0.135240319588105 0.243656338755244 0 0.0315944364128866 -0.199929419224196 0
0.154864193205641 -0.0546501838801319 0.107336312332535 0 0.136157045172171 0 0 -0.0876679279888945 0.0757225903385188 0.185004105169429 0.332286468795005 0.00384776615983582 0 0 -0.213663531877488 0.103348204830343 0.167546993795061 0 -0.0613449514055678 -0.116535079459487 0
0.146614780719103 -0.0434239622473849 0.101530460485796 0 0.142610549755841 0 0 -0.0786264169014312 0.0745448733033388 0.169205779615291 0.328865052670705 -0.0115704082385499 0 0 -0.204020837913286 0.107435787381593 0.168995175542686 0 -0.0662514765246529 -0.112165649596078 0
0.142407830438277 -0.0423949952490128 0.0981930713993796 0 0.138898189327177 0 0 -0.0784049052952258 0.0748243584986928 0.162921707844394 0.327966763883555 -0.0139604057991667 0 0 -0.203095199339062 0.110445145921235 0.163769953272998 0 -0.066334156738795 -0.112813593230859 0
